3.0
60.0
74.0
84.0
88.0
188.0
246.0
255.0
265.0
273.0
278.0
288.0
347.0
402.0
415.0
428.0
430.0
452.0
458.0
461.0
478.0
489.0
500.0
552.0
578.0
702.0
774.0
785.0
864.0
1002.0
1064.0
1068.0
1123.0
1130.0
1155.0
1162.0
1216.0
1227.0
1255.0
1275.0
1298.0
1302.0
1331.0
1347.0
1399.0
1403.0
1430.0
1522.0
1556.0
1690.0
1707.0
1710.0
1751.0
1753.0
1757.0
1762.0
1778.0
1781.0
1788.0
1794.0
1806.0
1810.0
1856.0
1859.0
1864.0
1879.0
1880.0
1885.0
1937.0
1965.0
1980.0
2014.0
2041.0
2071.0
2074.0
2105.0
2148.0
2150.0
2169.0
2170.0
2171.0
2188.0
2189.0
2199.0
2205.0
2211.0
2222.0
2225.0
2249.0
2301.0
2307.0
2357.0
2387.0
2388.0
2389.0
2391.0
2412.0
2437.0
2438.0
2454.0
2464.0
2467.0
2490.0
2491.0
2492.0
2494.0
2530.0
2598.0
2599.0
2607.0
2622.0
2644.0
2655.0
2699.0
2723.0
2724.0
2740.0
2745.0
2746.0
2757.0
2763.0
2764.0
2794.0
2800.0
2802.0
2805.0
2818.0
2821.0
2823.0
2847.0
2848.0
2876.0
2909.0
2941.0
2947.0
2949.0
2954.0
2991.0
2995.0
3050.0
3051.0
3086.0
3096.0
3097.0
3103.0
3106.0
3108.0
3109.0
3113.0
3126.0
3127.0
3132.0
3137.0
3158.0
3168.0
3174.0
3175.0
3176.0
3177.0
3178.0
3182.0
3199.0
3204.0
3209.0
3210.0
3211.0
3217.0
3222.0
3228.0
3248.0
3254.0
3255.0
3256.0
3266.0
3267.0
3269.0
3270.0
3278.0
3281.0
3286.0
3302.0
3305.0
3311.0
3312.0
3314.0
3315.0
3318.0
3323.0
3330.0
3347.0
3350.0
3363.0
3364.0
3371.0
3383.0
3394.0
3455.0
3468.0
3476.0
3488.0
3491.0
3495.0
3522.0
3526.0
3533.0
3539.0
3548.0
3555.0
3556.0
3560.0
3577.0
3578.0
3589.0
3591.0
3594.0
3597.0
3630.0
3643.0
3649.0
3650.0
3656.0
3659.0
3661.0
3664.0
3669.0
3670.0
3685.0
3691.0
3692.0
3694.0
3696.0
3703.0
3705.0
3706.0
3717.0
3719.0
3722.0
3724.0
3732.0
3735.0
3743.0
3757.0
3767.0
3768.0
3770.0
3773.0
3786.0
3790.0
3800.0
3801.0
3802.0
3804.0
3810.0
3811.0
3823.0
3826.0
3873.0
3911.0
3925.0
3932.0
3934.0
3935.0
3985.0
3987.0
4004.0
4017.0
4172.0
4180.0
4195.0
4206.0
4223.0
4225.0
4391.0
4397.0
4430.0
4471.0
4472.0
4475.0
4598.0
4679.0
4689.0
4690.0
4822.0
4843.0
4856.0
4911.0
5030.0
5036.0
5073.0
5184.0
5206.0
5214.0
5515.0
5561.0
5629.0
5652.0
5755.0
5826.0
6150.0
6151.0
6152.0
6183.0
6192.0
6235.0
6328.0
6414.0
6442.0
6478.0
6581.0
6603.0
6606.0
6613.0
6618.0
6750.0
6818.0
6857.0
6881.0
6930.0
6961.0
7056.0
7170.0
7269.0
7278.0
7344.0
7345.0
7432.0
7484.0
7496.0
7510.0
7535.0
7537.0
7557.0
7603.0
7614.0
7877.0
8168.0
8219.0
8342.0
8396.0
8422.0
8487.0
8508.0
8523.0
8547.0
8577.0
8617.0
8633.0
8668.0
8704.0
8709.0
8731.0
8850.0
8872.0
8895.0
8913.0
8978.0
9001.0
9053.0
9084.0
9086.0
9095.0
9096.0
9110.0
9214.0
9221.0
9284.0
9402.0
9458.0
9496.0
9538.0
9574.0
9584.0
9586.0
9600.0
9602.0
9610.0
9611.0
9612.0
9642.0
9654.0
9691.0
9721.0
9832.0
9868.0
9918.0
9920.0
9928.0
9971.0
9992.0
9993.0
9995.0
10178.0
10295.0
10296.0
10297.0
10366.0
10458.0
10467.0
10474.0
10710.0
10711.0
10714.0
10715.0
10747.0
10817.0
10968.0
10970.0
11010.0
11013.0
11056.0
11196.0
11211.0
11614.0
11651.0
11705.0
11719.0
11771.0
12001.0
12018.0
12114.0
12118.0
12124.0
12173.0
12181.0
12182.0
12277.0
12278.0
12291.0
12325.0
12366.0
12447.0
12454.0
12672.0
12702.0
12785.0
12897.0
13003.0
13013.0
13039.0
13049.0
13065.0
13115.0
13228.0
13284.0
13397.0
13497.0
13950.0
13952.0
14056.0
14141.0
14195.0
14274.0
14284.0
14353.0
14395.0
14438.0
14458.0
14500.0
14503.0
14517.0
14550.0
14557.0
14578.0
14579.0
14580.0
14620.0
14643.0
14679.0
14758.0
14816.0
14893.0
14945.0
14967.0
14980.0
14982.0
14989.0
14992.0
14993.0
14994.0
14995.0
14996.0
14997.0
14999.0
15065.0
15110.0
15200.0
15201.0
15235.0
15244.0
15343.0
15415.0
15417.0
15439.0
15452.0
15457.0
15458.0
15465.0
15485.0
15491.0
15642.0
15658.0
15699.0
15700.0
15701.0
15702.0
15785.0
15810.0
15890.0
15934.0
15979.0
16049.0
16054.0
16057.0
16117.0
16118.0
16119.0
16209.0
16271.0
16278.0
16331.0
16528.0
16529.0
16530.0
16531.0
16576.0
16582.0
16590.0
16591.0
16592.0
16643.0
16702.0
16789.0
16915.0
16925.0
17009.0
17043.0
17045.0
17070.0
17073.0
17145.0
17146.0
17177.0
17215.0
17354.0
17396.0
17406.0
17410.0
17418.0
17421.0
17422.0
17455.0
17465.0
17518.0
17553.0
17583.0
17635.0
17728.0
17790.0
17829.0
17857.0
17859.0
17900.0
18096.0
18133.0
18145.0
18146.0
18170.0
18294.0
18297.0
18299.0
18301.0
18322.0
18380.0
18425.0
18428.0
18429.0
18430.0
18438.0
18467.0
18509.0
18751.0
18771.0
18860.0
18884.0
18885.0
19055.0
19127.0
19132.0
19156.0
19229.0
19327.0
19333.0
19381.0
19402.0
19570.0
19716.0
19746.0
19863.0
19925.0
20286.0
20313.0
20362.0
20380.0
20385.0
20397.0
20405.0
20411.0
20480.0
20544.0
20608.0
20660.0
20735.0
20757.0
20878.0
20901.0
20903.0
20918.0
20933.0
20982.0
21111.0
21144.0
21227.0
21241.0
21254.0
21277.0
21287.0
21391.0
21392.0
21483.0
21588.0
21604.0
21654.0
21697.0
21755.0
21786.0
21800.0
21827.0
21841.0
21843.0
21877.0
21886.0
21895.0
21900.0
21999.0
22004.0
22059.0
22074.0
22075.0
22247.0
22271.0
22284.0
22291.0
22416.0
22533.0
22571.0
22635.0
22799.0
22801.0
22805.0
22806.0
22850.0
22902.0
22909.0
22914.0
23007.0
23088.0
23133.0
23166.0
23247.0
23249.0
23257.0
23387.0
23400.0
23402.0
23419.0
23421.0
23425.0
23523.0
23566.0
23773.0
23776.0
23792.0
23798.0
23803.0
23855.0
23860.0
24007.0
24052.0
24158.0
24161.0
24193.0
24196.0
24220.0
24324.0
24369.0
24412.0
24456.0
24645.0
24648.0
24768.0
24814.0
24862.0
24997.0
25007.0
25015.0
25102.0
25112.0
25160.0
25187.0
25196.0
25214.0
25346.0
25352.0
25541.0
25572.0
25600.0
25620.0
25699.0
25716.0
25757.0
25759.0
25808.0
25855.0
25879.0
25921.0
26012.0
26184.0
26188.0
26250.0
26272.0
26348.0
26486.0
26489.0
26593.0
26600.0
26632.0
26705.0
26742.0
26777.0
26928.0
26948.0
26982.0
27004.0
27051.0
27087.0
27112.0
27114.0
27120.0
27121.0
27164.0
27181.0
27194.0
27211.0
27248.0
27263.0
27268.0
27319.0
27321.0
27324.0
27325.0
27337.0
27340.0
27346.0
27363.0
27364.0
27398.0
27401.0
27402.0
27413.0
27462.0
27486.0
27533.0
27603.0
27756.0
27794.0
27795.0
27810.0
27924.0
28383.0
28596.0
28687.0
28688.0
28733.0
28734.0
28735.0
28764.0
28859.0
28869.0
28881.0
28949.0
28974.0
29007.0
29089.0
29130.0
29154.0
29178.0
29287.0
29308.0
29376.0
29471.0
29479.0
29491.0
29590.0
29692.0
29693.0
29801.0
29947.0
29948.0
29950.0
29968.0
29983.0
30012.0
30046.0
30101.0
30178.0
30254.0
30284.0
30288.0
30290.0
30301.0
30316.0
30381.0
30392.0
30460.0
30469.0
30520.0
31173.0
31257.0
31356.0
31374.0
31437.0
31485.0
31497.0
31565.0
31683.0
31759.0
31761.0
31857.0
31860.0
31912.0
31913.0
32032.0
32139.0
32245.0
32522.0
32545.0
32605.0
32608.0
32699.0
32812.0
32813.0
32837.0
32838.0
33008.0
33103.0
33193.0
33194.0
33205.0
33206.0
33221.0
33223.0
33234.0
33235.0
33407.0
33410.0
33450.0
33495.0
33512.0
33532.0
33624.0
33640.0
33713.0
33753.0
33835.0
33838.0
33839.0
33851.0
33947.0
33954.0
33979.0
33980.0
34033.0
34056.0
34069.0
34122.0
34445.0
34600.0
34608.0
34876.0
34902.0
34904.0
34929.0
34938.0
34986.0
35013.0
35078.0
35138.0
35182.0
35276.0
35320.0
35421.0
35496.0
35509.0
35525.0
35543.0
35551.0
35581.0
35617.0
35713.0
35806.0
35878.0
35904.0
35970.0
35997.0
36090.0
36137.0
36217.0
36257.0
36292.0
36334.0
36341.0
36380.0
36456.0
36477.0
36481.0
36506.0
36514.0
36515.0
36521.0
36556.0
36563.0
36621.0
36634.0
36636.0
36645.0
36668.0
36732.0
36737.0
36739.0
36741.0
36743.0
36836.0
36927.0
36928.0
36935.0
36968.0
36969.0
36987.0
37053.0
37088.0
37092.0
37093.0
37101.0
37102.0
37134.0
37200.0
37213.0
37305.0
37329.0
37377.0
37378.0
37379.0
37381.0
37474.0
37485.0
37498.0
37499.0
37510.0
37528.0
37534.0
37573.0
37596.0
37614.0
37617.0
37645.0
37690.0
37836.0
37881.0
37891.0
38020.0
38057.0
38231.0
38250.0
38282.0
38389.0
38393.0
38420.0
38435.0
38493.0
38518.0
38524.0
38526.0
38637.0
38638.0
38639.0
38651.0
38657.0
38719.0
38724.0
38873.0
38904.0
38922.0
39027.0
39028.0
39127.0
39176.0
39248.0